ID,WC_TA,RE_TA,EBIT_TA,MVE_BVTD,S_TA,Industry
60644,0.049,0.22,0.041,2.4,0.489,6
33083,0.145,0.24,0.051,1.514,0.28,4
63830,0.17,0.177,0.056,1.685,0.455,7
84658,0.164,0.289,0.064,1.029,0.222,3
41734,0.078,0.066,0.044,0.417,0.147,9
47556,0.16,0.371,0.06,2.653,0.445,9
33563,0.224,0.384,0.065,1.789,0.283,6
81316,0.273,0.213,0.062,0.426,0.159,2
38311,0.015,-0.138,0.036,0.108,0.084,6
46758,0.006,0.175,0.031,3.279,0.686,8
57407,0.565,0.755,0.115,5.264,0.545,7
33023,0.03,-0.215,0.042,0.146,0.09,2
60456,0.079,0.193,0.054,0.949,0.187,5
61773,0.231,0.285,0.069,0.838,0.18,3
34238,0.033,0.113,0.036,0.876,0.272,10
42394,0.014,0.123,0.041,1.39,0.221,10
77770,-0.009,-0.02,0.037,0.504,0.166,4
53962,-0.037,0.107,0.009,2.997,0.418,2
76070,0.266,0.326,0.074,1.083,0.27,9
35940,0.068,0.169,0.048,1.009,0.251,6
64412,0.064,0.183,0.049,0.96,0.181,7
45144,0.029,0.108,0.039,0.754,0.248,2
39806,0.448,0.576,0.093,3.23,0.529,5
36993,0.086,0.193,0.042,1.46,0.279,2
44524,0.449,0.73,0.083,6.831,0.738,8
47187,0.019,0.25,0.044,1.242,0.307,8
37717,-0.014,-0.106,0.028,0.371,0.125,10
56683,0.212,0.101,0.062,0.151,0.073,6
61373,0.337,0.424,0.078,1.648,0.238,1
47998,0.135,0.266,0.055,1.457,0.264,10
36819,0.249,0.155,0.06,0.881,0.276,9
48042,0.05,0.009,0.044,0.54,0.181,4
48938,0.529,0.737,0.111,4.151,0.519,8
33444,0.196,0.297,0.064,1.019,0.243,4
64750,-0.095,0.064,-0.002,4.106,0.436,4
62499,0.037,0.146,0.038,1,0.304,4
34394,0.034,0.176,0.033,2.679,0.492,8
83271,0.319,0.464,0.072,2.2,0.312,9
54289,0.145,0.131,0.054,0.687,0.216,9
64231,0.167,0.434,0.059,4.246,0.552,4
62418,0.228,0.278,0.069,0.665,0.162,10
33202,0.124,0.578,0.047,11.654,1.003,6
69771,0.033,0.056,0.038,0.661,0.191,1
70516,0.031,0.181,0.034,1.221,0.336,7
70507,0.043,0.094,0.043,0.647,0.183,10
57428,0.065,0.564,0.045,7.482,1.074,12
46473,-0.046,0.147,0.014,3.627,0.85,11
64906,0.315,0.587,0.078,4.549,0.618,4
35704,0.091,0.042,0.042,0.372,0.13,4
67493,0.021,0.131,0.034,0.745,0.162,9
60991,0.461,0.715,0.088,3.581,0.442,9
60200,0.194,0.375,0.054,1.998,0.314,9
71567,0.104,0.181,0.056,0.917,0.21,5
52542,0.149,0.285,0.063,0.757,0.245,9
46979,-0.037,-0.023,0.026,0.688,0.137,10
54879,0.044,0.212,0.044,1.137,0.319,7
51695,0.096,0.144,0.05,0.4,0.093,1
70688,-0.134,-1.438,0.001,0.071,0.082,3
66183,0.217,0.363,0.06,1.578,0.246,10
45750,0.243,0.422,0.074,1.779,0.339,3
55700,0.191,0.467,0.043,4.431,0.8,8
73498,0.362,0.477,0.08,2.604,0.352,8
81942,0.096,0.129,0.048,0.58,0.147,10
45002,0.028,0.176,0.034,1.303,0.23,4
81827,0.062,0.057,0.047,0.485,0.137,1
56404,0.154,0.218,0.061,0.756,0.19,10
65761,0.385,0.542,0.1,1.29,0.24,5
38265,0.087,0.178,0.047,0.565,0.145,6
73761,0.591,0.805,0.114,6.594,0.748,9
45892,0.142,0.421,0.044,6.2,0.994,9
65893,0.02,0.189,0.031,3.22,0.538,3
50165,0.024,0.187,0.039,2.614,0.408,9
58015,0.203,0.351,0.062,1.532,0.286,4
35797,0.14,0.17,0.058,0.51,0.152,5
44141,0.029,0.1,0.04,1.04,0.278,10
46057,-0.017,0.186,0.036,1.632,0.51,1
59071,0.017,-0.023,0.038,0.52,0.22,9
62724,0.051,0.29,0.042,2.539,0.297,5
63768,0.098,0.045,0.045,0.639,0.17,1
46430,0.712,1.341,0.156,26.385,1.128,1
41534,0.002,0.095,0.036,0.483,0.103,10
49528,-0.009,-0.072,0.019,0.978,0.314,10
53035,0.159,0.07,0.049,0.519,0.118,10
83585,0.009,0.067,0.039,0.545,0.149,5
58123,-0.025,0.098,0.031,0.889,0.258,6
80779,0.193,0.199,0.06,0.7,0.253,8
46649,0.248,0.28,0.069,0.735,0.239,1
60792,-0.014,-0.261,0.038,0.188,0.105,1
69871,0.002,-0.256,0.035,0.165,0.096,11
56013,0.343,0.459,0.069,2.513,0.436,1
36057,0.253,0.431,0.068,1.764,0.351,4
36719,-0.275,-1.73,-0.03,0.119,0.123,6
78812,0.055,0.243,0.037,1.509,0.21,6
50209,0.121,0.235,0.054,0.839,0.231,4
64497,-0.071,-0.082,0.013,0.754,0.462,6
75970,0.208,0.548,0.063,5.477,0.852,4
76914,0.62,0.892,0.131,4.7,0.386,8
73280,-0.063,0.15,0.021,4.812,0.819,2
75045,0.315,0.404,0.084,1.662,0.26,6
61034,0.002,-0.002,0.035,0.642,0.116,4
81429,0.024,0.05,0.034,0.735,0.271,12
76262,0.382,0.39,0.074,0.969,0.245,12
37158,-0.009,-0.193,0.032,0.132,0.092,2
58462,0.167,0.19,0.052,0.548,0.128,2
82584,0.039,0.195,0.039,1.093,0.281,10
40862,0.332,0.492,0.074,2.896,0.467,1
36743,0.061,0.126,0.043,0.55,0.261,8
62626,-0.006,0.191,0.026,0.76,0.194,7
33173,0.005,0.254,0.036,2.367,0.365,4
72065,-0.562,-0.748,-0.163,0.606,0.397,5
48583,-0.025,0.057,0.033,0.541,0.247,9
39014,0.283,0.261,0.077,0.629,0.109,10
78566,-0.052,-0.119,0.021,0.426,0.142,1
66031,0.003,0.152,0.037,1.326,0.299,3
66137,0.63,0.974,0.114,19.927,1.217,9
59861,-0.066,0.162,0.01,4.577,0.992,1
53025,0.327,0.504,0.072,2.751,0.337,12
65443,0.226,0.324,0.051,2.525,0.349,3
55559,0.355,0.446,0.079,2.462,0.312,8
41629,0.097,0.021,0.048,0.429,0.103,10
78356,0.197,0.336,0.055,3.156,0.629,12
73354,0.081,0.291,0.046,1.736,0.369,8
38676,0.087,0.312,0.047,4.982,0.744,4
80911,-0.005,-0.03,0.034,0.343,0.124,7
59434,0.442,0.463,0.095,1.358,0.31,11
38318,0.486,0.708,0.104,4.975,0.509,6
66830,0.214,0.306,0.066,1.534,0.252,12
78765,0.47,0.505,0.108,0.911,0.167,7
42351,0.109,0.136,0.042,1.152,0.285,3
34087,0.201,0.211,0.064,0.487,0.145,2
50786,0.133,0.126,0.049,0.469,0.131,1
76358,0.151,0.246,0.055,0.89,0.186,6
68710,0.428,0.419,0.107,1.319,0.139,11
37164,0.053,-1.332,0.048,0.038,0.049,4
49394,0.024,0.108,0.036,0.904,0.218,3
81967,0.341,0.483,0.068,4.482,0.492,6
54132,0.047,0.072,0.05,0.687,0.184,12
49464,0.094,0.364,0.047,3.373,0.405,6
65583,0.111,0.164,0.055,0.581,0.141,2
78301,0.268,0.403,0.063,1.658,0.31,2
48497,0.038,-0.031,0.038,0.242,0.1,4
52036,0.073,0.141,0.05,0.732,0.201,7
50619,0.192,0.287,0.061,1.031,0.244,9
45286,-0.014,-0.073,0.026,0.919,0.159,11
57740,0.009,0.065,0.044,0.773,0.167,4
71345,0.246,0.372,0.062,1.978,0.328,7
59154,-0.011,-0.299,0.024,0.144,0.084,7
80940,0.136,0.289,0.051,1.469,0.293,9
41934,0.205,0.322,0.063,1.575,0.314,1
46720,0.239,0.267,0.061,0.65,0.231,3
47241,0.123,0.186,0.062,0.564,0.151,6
46810,0.286,0.355,0.066,2.637,0.376,8
79305,0.06,0.077,0.034,0.497,0.222,10
49677,0.116,0.343,0.056,3.016,0.379,1
35467,0.209,0.595,0.065,6.29,0.623,4
76575,0.039,0.105,0.038,0.92,0.294,9
68390,0.271,0.298,0.067,1.266,0.305,11
55849,0.298,0.375,0.068,2.126,0.367,7
48513,-0.025,-0.029,0.032,0.411,0.139,2
33277,0.22,0.344,0.056,1.847,0.362,12
36484,0.079,0.334,0.054,3.552,0.381,9
74649,0.251,0.39,0.065,2.872,0.456,4
38193,0.026,0.109,0.037,0.699,0.208,2
37571,0.119,0.237,0.055,0.997,0.212,10
65480,0.224,0.473,0.063,3.539,0.359,12
59796,0.455,0.45,0.101,0.556,0.179,4
53656,0.493,0.692,0.074,5.281,0.591,6
36629,0.103,0.173,0.052,0.467,0.11,3
83677,0.142,0.425,0.052,3.393,0.498,11
71250,0.34,0.448,0.083,1.49,0.236,6
69769,0.214,0.704,0.064,13.115,0.68,3
41223,-0.035,-0.006,0.021,0.482,0.16,6
68743,0.503,0.631,0.087,3.353,0.519,11
34384,0.048,0.13,0.042,0.609,0.15,8
75516,0.109,0.441,0.055,2.707,0.372,10
73252,-0.001,0.079,0.035,0.516,0.166,9
60092,0.026,0.226,0.039,1.737,0.483,5
78005,0.071,0.329,0.049,3.994,0.521,3
41469,0.052,0.138,0.036,0.674,0.19,5
70605,0.277,0.201,0.074,0.398,0.134,6
61612,0.128,0.205,0.07,1.414,0.305,7
65762,0.021,0.135,0.039,1.308,0.263,9
77142,0.055,-0.124,0.04,0.168,0.095,5
53208,0.235,0.436,0.066,3.534,0.346,8
66809,0.053,-0.394,0.039,0.084,0.068,6
50249,0.046,0.141,0.04,0.575,0.239,1
65016,0.087,0.29,0.048,1.864,0.308,6
43789,0.148,0.056,0.055,0.361,0.114,4
63555,0.148,0.375,0.052,2.64,0.427,1
37788,0.192,0.265,0.065,1.448,0.281,5
57512,-0.026,0.173,0.021,2.758,0.702,10
39154,0.118,0.259,0.055,1.508,0.273,12
59507,-0.094,-0.506,0.016,0.223,0.138,1
76836,0.115,0.212,0.061,1.506,0.278,1
84567,-2.065,-2.709,-0.396,0.053,0.068,1
48642,-0.013,0.041,0.029,0.45,0.199,5
84013,0.226,0.263,0.058,1.415,0.327,8
34028,0.184,0.233,0.051,1.111,0.3,5
82229,-0.026,0.205,0.025,2.174,0.254,2
51106,0.084,0.16,0.05,0.703,0.205,11
72580,0.009,0.046,0.034,1.009,0.376,5
64657,0.328,0.57,0.069,3.727,0.426,7
75930,0.13,0.248,0.047,1.732,0.301,3
60354,0.145,0.31,0.053,1.774,0.367,11
48661,0.348,0.143,0.078,0.256,0.103,3
34415,0.013,-0.004,0.033,0.22,0.125,6
35264,0.274,0.309,0.067,0.999,0.266,9
76902,-0.03,-0.314,0.028,0.104,0.098,9
52408,0.202,0.181,0.055,1.084,0.313,3
61189,0.067,0.294,0.045,3.329,0.533,4
46751,0.062,0.162,0.047,0.896,0.274,6
71352,0.426,0.632,0.09,2.43,0.425,8
40512,0.426,0.685,0.083,4.255,0.357,10
85050,0.373,0.461,0.077,2.607,0.598,7
57664,-0.076,-0.222,0.018,0.966,0.334,1
35241,-0.054,-0.118,0.016,0.401,0.124,8
44831,0.128,0.248,0.052,2.041,0.397,11
74510,0.297,0.354,0.069,1.112,0.164,1
76825,0.108,0.214,0.052,1.441,0.242,5
68556,0.074,0.095,0.043,0.681,0.225,2
73645,0.031,0.043,0.035,0.625,0.177,2
67089,0.185,0.414,0.061,3.359,0.612,12
69873,0.071,0.082,0.038,0.408,0.152,11
35976,0.187,0.375,0.058,2.286,0.432,6
76743,0.04,0.142,0.039,1.998,0.308,1
64678,0.161,0.21,0.052,1.274,0.315,12
70045,0.223,0.366,0.065,2.004,0.31,11
62260,0.3,0.389,0.067,2.764,0.491,4
84932,0.246,0.284,0.061,0.814,0.215,4
71145,-0.002,0.176,0.034,1.525,0.252,9
47713,0.361,0.642,0.089,6.281,0.621,12
59485,0.197,0.437,0.065,4.284,0.56,6
59810,0.148,0.48,0.059,3.567,0.359,12
71787,0.185,0.246,0.052,0.799,0.235,3
44203,-0.04,-0.284,0.031,0.188,0.117,6
50592,0.01,-0.011,0.029,0.333,0.141,8
33549,0.594,0.781,0.125,5.501,0.561,5
73904,0.043,0.134,0.038,0.843,0.159,12
61050,0.01,-0.106,0.033,0.272,0.113,5
65864,-0.099,-0.687,0.001,0.168,0.176,9
77888,-0.082,-0.315,0.023,0.169,0.106,6
41085,0.108,0.244,0.056,1.48,0.34,3
48422,0.291,0.295,0.083,1.101,0.23,2
76138,0.116,0.218,0.056,0.967,0.301,10
37822,0.024,0.163,0.037,1.483,0.196,3
76391,0.211,0.616,0.065,10.421,0.849,2
70134,0.003,0.156,0.031,1.464,0.394,7
48229,0.243,0.439,0.072,4.406,0.567,1
64620,0.236,0.33,0.064,0.907,0.299,4
72016,0.021,0.092,0.038,0.508,0.188,10
77104,0.024,0.086,0.042,0.617,0.212,4
66000,0.111,0.426,0.057,4.537,0.673,3
38061,0.247,0.33,0.065,1.546,0.244,3
74970,-0.128,-0.11,-0.004,0.501,0.334,12
68086,0.365,0.397,0.092,0.787,0.13,1
72156,0.03,0.252,0.041,3.702,0.356,1
76692,0.102,0.126,0.054,0.614,0.174,9
79955,0.294,0.325,0.075,0.899,0.253,6
55828,0.389,0.514,0.076,2.201,0.357,10
57577,0.144,0.306,0.052,2.419,0.279,6
55273,0.356,0.21,0.074,0.592,0.094,6
35104,0.179,0.391,0.057,2.555,0.399,10
75718,0.072,0.219,0.045,1.07,0.252,7
61040,-0.157,-0.501,-0.002,0.215,0.104,6
59306,-0.022,0.109,0.027,1.295,0.329,9
48400,0.116,0.137,0.062,0.864,0.162,2
69313,-0.065,0.035,0.022,0.481,0.361,9
72841,0.303,0.378,0.072,1.514,0.274,7
51363,0.121,0.255,0.056,0.966,0.206,7
73695,-0.004,-0.031,0.031,0.438,0.227,5
68537,0.088,0.316,0.054,1.239,0.242,10
43987,0.049,0.111,0.044,0.685,0.246,11
38298,0.022,-0.047,0.031,0.935,0.386,11
80876,0.419,0.68,0.091,2.971,0.367,5
47263,0.044,0.243,0.039,2.105,0.37,2
82926,0.299,0.379,0.077,1.897,0.365,9
57224,0.245,0.612,0.065,6.931,0.87,4
66244,-0.145,-1.091,-0.005,0.08,0.102,5
51321,0.26,0.372,0.064,1.755,0.373,10
65348,-0.098,-0.596,0.001,0.153,0.068,4
84534,0.209,0.318,0.062,1.072,0.19,2
52665,0.028,0.071,0.038,0.7,0.209,12
46233,-0.421,-1.28,-0.094,0.146,0.103,3
61592,0.002,-0.004,0.036,0.397,0.157,6
59319,-0.065,-0.003,0.001,0.78,0.176,12
70866,-0.054,-0.309,0.027,0.228,0.124,10
53411,0.302,0.348,0.066,2.091,0.388,9
43431,-0.081,-0.233,0.017,0.238,0.111,6
38468,0.076,0.135,0.04,0.965,0.217,11
40143,0.032,-0.001,0.05,0.106,0.073,5
52106,0.058,0.197,0.035,2.163,0.323,9
84767,0.121,0.148,0.047,0.652,0.194,5
37893,0.283,0.542,0.067,2.421,0.451,7
81116,0.298,0.379,0.087,1.779,0.313,12
45337,0.018,-0.03,0.036,0.372,0.167,3
47883,0.124,0.13,0.047,0.608,0.158,10
66897,-0.004,-0.114,0.037,0.172,0.1,11
52574,-0.124,-0.079,0,1.072,0.187,11
34639,0.294,0.455,0.075,1.968,0.331,8
34504,0.218,0.224,0.059,0.73,0.129,5
74619,-0.035,-0.05,0.018,0.456,0.15,9
57984,0.036,-0.011,0.038,0.299,0.112,8
82711,0.229,0.381,0.06,1.985,0.313,6
39630,0.153,0.239,0.054,1.382,0.326,8
39725,0.096,0.232,0.049,1.397,0.287,7
76454,0.326,0.271,0.076,0.461,0.078,10
42714,0.575,0.765,0.115,4.642,0.462,4
50606,0.091,0.08,0.044,0.557,0.129,2
78992,0.175,0.403,0.056,4.035,0.535,12
44136,0.26,0.294,0.066,1.056,0.244,5
81795,0.105,0.3,0.046,1.381,0.234,5
39443,-0.008,0.043,0.034,0.89,0.318,6
39771,0.119,0.227,0.048,1.17,0.271,10
75680,0.131,0.176,0.047,0.626,0.138,2
48477,-0.029,-0.007,0.026,0.543,0.197,4
69620,-0.053,0.024,0.022,0.814,0.322,11
68823,0.14,0.346,0.054,1.568,0.348,6
84735,0.314,0.419,0.076,2.007,0.359,4
74384,0.08,0.257,0.054,1.124,0.247,3
54915,0.163,0.22,0.069,0.726,0.198,8
53984,0.005,-0,0.036,0.407,0.156,1
76889,0.126,0.332,0.049,1.701,0.272,8
66970,0.012,-0.103,0.022,0.424,0.166,9
75580,0.217,0.446,0.058,2.718,0.722,11
67750,-0.037,-0.359,0.033,0.076,0.063,1
70032,0.046,0.018,0.049,0.32,0.107,9
40480,0.285,0.538,0.069,2.989,0.329,3
67937,0.217,0.276,0.061,1.353,0.261,1
53427,0.193,0.366,0.057,2.642,0.328,2
71561,0.04,0.117,0.043,0.864,0.157,1
64629,0.331,0.256,0.069,1.104,0.236,3
77421,0.134,0.263,0.055,1.104,0.25,9
71984,0.232,0.417,0.063,3.148,0.351,9
80692,0.102,0.433,0.044,2.832,0.487,10
43067,0.07,-0.006,0.042,0.23,0.093,7
46688,0.24,0.376,0.066,1.685,0.287,3
70504,-0.872,-1.987,-0.256,0.154,0.103,4
62931,0.097,0.31,0.052,1.93,0.371,4
34827,-0.004,-0.234,0.032,0.129,0.091,3
65104,0.012,0.08,0.032,1.277,0.281,5
78105,0.044,0.213,0.044,1.693,0.272,7
37987,0.057,0.083,0.053,0.632,0.334,11
35880,0.163,0.233,0.053,1.059,0.204,10
67537,0.025,0.051,0.042,0.404,0.128,8
37011,0.369,0.532,0.079,2.4,0.313,1
41597,0.116,0.02,0.05,0.285,0.088,12
44603,0.055,0.136,0.036,0.843,0.257,1
59920,-0.026,-0.051,0.031,0.656,0.152,4
52137,-0.011,0.09,0.031,1.36,0.336,11
47881,0.098,0.233,0.037,1.721,0.238,3
64977,-0.091,-0.443,0.021,0.187,0.092,4
78453,0.043,0.145,0.033,1.462,0.271,3
51148,0.248,0.303,0.067,1.219,0.295,11
74481,-0.094,-0.231,0.009,0.359,0.203,12
74574,0.505,0.612,0.098,2.459,0.318,7
50477,0.15,0.496,0.057,4.204,0.367,12
38175,0.044,0.055,0.041,0.795,0.246,5
82417,0.209,0.132,0.059,0.523,0.14,1
40030,0.444,0.523,0.101,1.391,0.229,10
39513,0.39,0.862,0.081,17.165,1.041,12
71271,0.347,0.422,0.066,1.945,0.201,2
84229,0.093,0.129,0.044,0.578,0.144,2
56016,0.339,0.55,0.074,3.485,0.513,6
36448,0.102,0.157,0.054,0.541,0.22,6
53966,0.256,0.549,0.063,3.354,0.474,4
36737,0.243,0.348,0.072,1.204,0.19,9
66850,0.056,0.084,0.041,0.73,0.214,4
32646,0.081,0.37,0.043,2.897,0.492,8
53608,0.325,0.42,0.081,3.684,0.545,5
49046,0.014,0.091,0.033,0.599,0.318,9
51860,-0.086,-0.063,0.016,1.736,0.475,7
53762,0.131,0.3,0.051,3.363,0.394,10
69340,0.285,0.336,0.072,1.01,0.238,7
57924,0.238,0.274,0.063,1.406,0.263,11
63534,0.076,0.221,0.042,1.941,0.311,1
80615,0.693,0.958,0.145,5.902,0.716,5
39021,-0.069,-0.311,0.008,0.378,0.162,10
44279,0.238,0.208,0.083,0.532,0.133,4
55901,0.117,0.177,0.058,1.402,0.25,3
77794,0.22,0.398,0.054,3.055,0.453,6
61083,0.066,0.044,0.041,0.35,0.207,12
35174,-0.094,-0.149,0.01,0.564,0.172,9
33640,0.261,-0.018,0.058,0.126,0.1,3
77716,0.072,0.117,0.052,0.848,0.192,3
83048,0.037,0.204,0.041,1.483,0.326,11
38044,0.095,0.127,0.061,0.644,0.151,4
46215,0.193,0.477,0.063,4.172,0.728,4
59708,0.063,0.184,0.042,1.132,0.222,10
77354,0.031,0.085,0.038,1.376,0.274,4
51043,0.41,0.554,0.085,1.73,0.264,1
76676,0.18,0.12,0.06,0.538,0.128,4
41836,0.034,0.123,0.037,0.872,0.178,5
46266,0.291,0.314,0.075,1.116,0.206,5
82876,0.169,0.208,0.06,0.58,0.157,3
79066,0.41,0.152,0.095,0.403,0.11,11
35515,0.412,0.582,0.095,5.618,0.648,7
48252,0.389,0.453,0.091,1.33,0.175,12
80171,0.107,0.236,0.048,2.134,0.263,9
53575,0.158,0.228,0.057,0.796,0.19,10
57983,0.191,0.237,0.059,0.907,0.222,10
80929,0.115,0.194,0.052,1.086,0.261,5
83798,-0.081,-0.174,0.019,0.348,0.124,12
59426,-0.069,-0.175,0.015,0.403,0.129,2
65034,0.239,0.382,0.061,3.04,0.327,12
50428,0.093,0.223,0.052,0.796,0.131,8
66199,-0.011,0.136,0.025,1.757,0.356,1
47074,0.225,0.32,0.065,1.77,0.288,10
56004,0.362,0.474,0.079,2.243,0.335,12
72505,0.207,0.334,0.065,2.002,0.239,5
36644,0.16,0.118,0.062,0.26,0.104,6
78310,0.085,0.304,0.046,2.906,0.353,6
67209,0.465,0.316,0.079,0.504,0.153,6
58517,0.202,0.332,0.065,1.91,0.299,11
82599,0.042,0.08,0.043,0.573,0.149,7
62691,-0.027,-0.482,0.025,0.159,0.106,8
72363,0.245,0.374,0.063,3.147,0.511,2
43107,0.403,0.637,0.093,3.962,0.493,9
37859,0.469,0.548,0.091,1.147,0.187,10
39754,0.256,0.714,0.058,7.435,0.56,10
61798,0.351,0.481,0.072,2.284,0.361,7
34228,0.048,0.039,0.044,0.295,0.12,1
68569,0.109,0.235,0.044,2.145,0.321,6
68217,0.03,0.099,0.024,1.247,0.294,10
80474,-0.092,0.091,0.011,2.715,0.554,9
73756,0.201,0.186,0.067,0.895,0.159,8
75128,-0.042,0.096,0.019,2.317,0.317,1
51327,0.315,0.596,0.057,5.878,0.474,10
84700,0.339,0.583,0.076,4.27,0.744,6
37999,0.406,0.529,0.091,2.36,0.345,1
80545,-0.078,-0.682,0.007,0.092,0.114,1
33856,0.007,0.073,0.033,0.748,0.156,9
77816,0.069,0.247,0.045,3.548,0.51,3
52290,-0.033,-0.058,0.021,0.395,0.18,3
75815,0.481,0.506,0.095,2.129,0.313,10
77372,0.149,0.38,0.052,3.503,0.461,1
59919,0.487,0.814,0.101,5.617,0.471,8
58982,0.404,0.658,0.081,4.087,0.371,2
72658,0.097,-0.062,0.053,0.075,0.067,8
63069,0.156,0.365,0.059,2.439,0.453,4
53480,0.194,0.396,0.066,2.679,0.546,9
64467,0.379,0.441,0.073,1.981,0.298,2
73371,0.152,0.407,0.062,2.604,0.291,5
80927,0.161,0.411,0.054,2.232,0.419,5
65969,0.198,0.164,0.051,0.272,0.097,9
72847,0.203,0.114,0.064,0.323,0.107,11
48209,-0.032,0.15,0.024,1.478,0.382,4
61787,-0.063,0.231,0.026,5.392,0.893,7
45262,0.054,0.142,0.04,0.487,0.128,12
35571,0.282,0.411,0.068,2.207,0.395,1
62190,0.492,0.468,0.092,1.662,0.22,11
37017,0.014,0.075,0.034,0.709,0.223,11
63543,-0.016,0.11,0.029,1.969,0.443,12
60415,0.169,0.21,0.054,0.724,0.266,10
73281,0.043,0.089,0.036,0.604,0.135,2
54627,0.121,0.582,0.054,4.401,0.478,5
44891,0.575,0.508,0.105,1.456,0.363,6
65138,-0.016,0.036,0.036,0.763,0.151,11
46340,0.042,0.144,0.038,1.328,0.334,12
84254,0.066,0.188,0.055,0.507,0.206,12
79055,0.056,0.205,0.041,0.588,0.112,5
79124,0.127,0.312,0.052,1.378,0.318,10
56355,0.078,0.131,0.053,0.455,0.145,7
52543,-0.096,-0.513,0.01,0.172,0.093,1
81226,0.059,0.313,0.044,4.157,0.505,11
73490,0.357,0.22,0.095,0.192,0.112,11
44275,0.142,0.174,0.056,1.057,0.234,1
33529,0.224,0.421,0.061,2.616,0.341,12
69916,0.274,0.379,0.072,1.62,0.261,9
58963,0.037,0.005,0.037,0.501,0.134,10
81238,-0.139,-0.561,0.001,0.335,0.144,9
58135,0.453,0.853,0.11,6.225,0.552,8
46274,0.086,0.168,0.049,0.825,0.157,1
80584,0.417,0.498,0.08,2.65,0.35,12
57719,0.261,0.5,0.069,5.376,0.8,5
43535,0.196,0.265,0.061,1.291,0.313,8
37850,0.493,0.737,0.071,16.774,1.097,9
56017,0.231,0.414,0.065,1.776,0.272,12
55721,0.022,0.152,0.034,1.026,0.227,9
72566,0.232,0.363,0.075,1.079,0.258,5
45626,0.109,0.23,0.048,1.515,0.396,1
66446,0.046,0.066,0.041,0.525,0.126,12
32656,0.213,0.266,0.066,0.684,0.213,1
60732,0.127,0.297,0.052,2.102,0.276,11
46185,0.056,0.236,0.036,3.721,0.492,7
36695,0.118,0.21,0.051,2.136,0.387,5
74790,-0.346,-0.995,-0.018,0.057,0.067,1
65620,0.493,0.678,0.104,3.773,0.549,2
32965,-0.098,-0.039,0.009,0.75,0.233,3
52498,0.25,0.345,0.072,1.675,0.231,11
43580,0.132,0.037,0.053,0.166,0.11,2
69742,0.266,0.44,0.072,2.586,0.412,11
69813,0.061,0.202,0.046,1.381,0.354,5
68544,0.45,0.585,0.076,5.596,0.554,7
37837,-0.184,0.068,-0.023,5.034,1.081,11
67132,0.03,0.087,0.042,0.688,0.197,6
82316,0.118,0.156,0.053,0.669,0.203,3
78015,0.132,0.38,0.053,3.035,0.383,9
76721,0.257,0.422,0.057,2.57,0.424,10
54902,0.051,0.019,0.042,0.257,0.164,7
55109,-0.033,-0.292,0.023,0.273,0.155,2
47247,0.19,0.413,0.064,3.596,0.404,12
49358,0.219,0.445,0.05,4.248,1.055,8
70902,-0.015,-0.062,0.037,0.415,0.092,7
82589,0.041,0.197,0.043,0.791,0.132,7
63139,-0.002,0.026,0.031,0.586,0.237,3
33170,0.477,0.618,0.098,1.929,0.388,6
42311,0.133,0.087,0.05,0.799,0.192,1
61087,0.423,0.501,0.09,3.518,0.624,6
52510,0.11,0.184,0.048,0.782,0.227,8
82182,0.204,0.155,0.068,0.424,0.134,12
77753,0.096,-0.136,0.068,0.057,0.066,11
40058,0.073,0.291,0.042,2.175,0.399,12
37000,0.079,0.179,0.045,0.799,0.173,8
64569,-0.003,0.231,0.026,2.465,0.322,9
54161,0.146,0.529,0.055,7.078,0.587,7
55775,0.181,0.44,0.06,3.092,0.401,9
66443,0.137,0.174,0.051,0.62,0.159,9
59727,-0.04,-0.037,0.015,0.789,0.263,3
64731,0.022,0,0.037,0.32,0.098,7
66338,0.053,0.315,0.045,3.775,0.408,3
51036,0.029,0.107,0.036,0.791,0.225,10
61295,0.317,0.376,0.073,1.422,0.208,10
82716,0.26,0.416,0.062,1.992,0.328,4
52879,0.023,-0.135,0.038,0.226,0.095,7
50367,0.424,0.446,0.096,1.186,0.231,5
37594,0.105,0.196,0.049,0.677,0.176,10
73909,-0.034,0.076,0.031,0.976,0.28,5
34962,0.029,0.28,0.04,1.507,0.3,9
36268,0.04,0.058,0.041,0.67,0.269,6
70082,-0.016,0.061,0.031,0.776,0.223,7
51239,0.253,0.343,0.063,1.63,0.364,1
33795,0.258,0.333,0.065,1.845,0.396,6
79565,0.218,0.263,0.062,1.08,0.267,5
52903,0.213,0.195,0.065,0.655,0.195,4
53420,-0.05,-0.266,0.029,0.135,0.125,5
34344,0.423,0.484,0.088,2.151,0.242,1
62063,0.122,0.189,0.051,0.758,0.14,11
50097,0.006,-0.014,0.035,0.379,0.134,4
44232,0.066,0.033,0.044,0.412,0.113,10
32946,-0.031,0.105,0.026,0.913,0.299,2
72411,0.09,0.353,0.044,2.259,0.567,5
47207,0.056,0.02,0.036,0.32,0.108,5
36955,-0.113,-0.319,-0.011,0.162,0.106,4
55265,0.076,0.127,0.045,0.951,0.208,1
61258,0.019,0.11,0.034,1.099,0.226,3
50039,0.263,0.289,0.078,1.211,0.285,5
67662,0.497,0.764,0.092,5.714,0.498,7
70008,0.43,0.62,0.085,5.111,0.671,10
47527,-0.023,-0.101,0.027,0.218,0.123,8
46882,0.149,0.178,0.051,0.88,0.188,9
69490,0.021,0.055,0.032,0.649,0.149,1
78668,0.316,0.445,0.074,1.676,0.483,5
48246,0.01,0.098,0.042,1.462,0.252,2
64648,0.447,0.608,0.084,2.187,0.533,12
44128,-0.222,-0.334,-0.017,0.281,0.122,7
59545,0.168,0.409,0.064,4.932,0.566,3
74898,0.316,0.499,0.07,2.923,0.372,1
57036,0.351,0.294,0.078,0.622,0.273,12
82980,0.079,0.195,0.046,1.575,0.389,1
77390,0.201,0.22,0.059,1.337,0.297,5
45100,-0.144,-0.564,-0.015,0.142,0.147,6
47815,0.282,0.442,0.077,1.628,0.321,1
45454,0.259,0.42,0.059,4.845,0.755,11
59130,0.228,0.42,0.069,3.371,0.439,3
40836,0.149,0.339,0.053,1.636,0.21,8
68422,0.242,0.425,0.063,3.63,0.623,3
58310,0.11,0.124,0.052,0.362,0.135,1
40182,-0.129,-0.161,-0.003,1.067,0.261,3
62509,0.111,0.367,0.053,2.923,0.295,3
36358,0.209,0.534,0.06,4.114,0.618,9
42293,-0.022,-0.123,0.029,0.259,0.149,10
55992,0.102,0.204,0.049,0.565,0.095,5
70782,0.028,0.126,0.029,0.762,0.179,2
79971,0.028,0.223,0.035,2.256,0.559,3
82105,0.496,0.644,0.11,2.987,0.406,1
84638,0.241,0.314,0.076,1.114,0.315,12
68413,0.055,0.138,0.046,0.722,0.201,6
50139,0.041,0.182,0.041,1.093,0.253,4
33137,0.598,0.779,0.113,3.543,0.266,7
82483,0.008,0.219,0.034,3.285,0.643,3
38575,-0.259,-0.219,-0.047,0.866,0.229,2
66978,0.174,0.353,0.065,2.208,0.358,5
33580,0.245,0.442,0.061,2.128,0.371,3
65211,0.176,0.13,0.053,0.451,0.133,2
70650,0.119,0.308,0.046,3.102,0.429,10
78380,0.007,-0.138,0.032,0.284,0.111,9
64053,0.184,0.292,0.059,1.291,0.225,4
56674,0.046,0.112,0.037,1.019,0.3,1
45173,0.418,0.648,0.082,5.021,0.512,2
80769,0.344,0.386,0.079,1.071,0.275,7
55900,-0.559,-0.529,-0.112,1.201,0.277,12
65701,-0.001,0.134,0.041,1.203,0.337,10
58935,0.259,0.42,0.07,2.288,0.345,10
84485,0.077,0.112,0.048,0.604,0.138,12
79407,0.374,0.39,0.079,1.519,0.2,1
58484,0.052,0.318,0.041,2.556,0.322,8
41398,0.583,0.593,0.115,1.293,0.213,6
74176,0.281,0.429,0.055,3.393,0.619,9
33636,-0.167,-0.647,-0.056,0.289,0.157,12
39439,0.52,0.648,0.111,1.423,0.221,9
71793,0.435,0.502,0.086,1.638,0.291,6
79144,0.078,-0.043,0.053,0.194,0.128,6
61015,0.352,0.579,0.081,4.416,0.456,5
35397,0.481,0.937,0.094,17.718,1.133,6
73117,0.077,0.238,0.045,1.727,0.343,11
79799,0.322,0.332,0.071,0.962,0.24,1
78409,0.073,0.151,0.046,0.944,0.177,1
56257,0.473,0.37,0.1,0.57,0.136,8
50829,0.398,0.435,0.075,2.335,0.327,3
76777,0.015,-0.01,0.038,0.54,0.159,7
70770,0.021,0.37,0.031,4.353,0.859,6
41421,0.352,0.927,0.097,25.787,1.143,12
78043,0.142,0.284,0.054,1.509,0.407,5
59572,0.229,0.334,0.064,1.405,0.245,11
63043,0.385,0.508,0.074,1.193,0.362,3
68879,0.091,0.107,0.052,0.429,0.111,4
33620,0.18,0.338,0.058,0.945,0.199,6
55318,0.356,0.397,0.073,2.119,0.333,2
52470,-0.266,-1.933,-0.086,0.051,0.082,8
36692,0.062,0.222,0.043,1.34,0.273,5
67184,-0.059,-0.05,0.017,0.927,0.258,8
81379,0.518,0.57,0.105,1.137,0.218,11
42755,0.151,0.272,0.054,1.512,0.253,2
35381,0.043,-0,0.043,0.236,0.127,6
47323,0.111,0.306,0.054,2.426,0.426,9
70046,0.036,0.069,0.033,0.306,0.124,5
84993,0.42,0.793,0.078,7.22,0.437,4
77748,0.481,0.473,0.095,1.626,0.322,2
33194,0.289,0.358,0.071,0.702,0.18,6
35681,-0.016,0.015,0.032,1.331,0.252,12
56503,0.14,0.242,0.053,1.569,0.226,4
59371,0.078,0.179,0.054,0.972,0.3,11
52540,0.52,0.673,0.107,3.946,0.32,5
36409,0.372,0.636,0.077,7.749,0.667,12
70288,0.25,0.315,0.067,1.878,0.338,10
73431,0.272,0.397,0.066,2.2,0.311,11
53533,0.231,0.401,0.056,2.662,0.321,6
82319,0.07,0.157,0.039,1.597,0.373,4
58492,0.38,0.614,0.081,4.529,0.442,7
73212,-0.038,-0.545,0.03,0.11,0.068,10
52497,0.048,0.095,0.042,0.375,0.132,10
82773,0.526,0.676,0.099,6.937,0.621,8
36237,0.257,0.445,0.061,6.302,0.998,7
43517,0.187,0.387,0.058,1.752,0.322,6
46833,0.035,0.029,0.042,0.485,0.173,5
36364,0.125,0.434,0.049,3.057,0.448,8
48705,0.264,0.25,0.067,0.461,0.099,12
84639,0.045,0.189,0.045,0.879,0.354,10
63264,-0.032,0.096,0.023,1.595,0.501,8
54724,0.046,0.378,0.05,3.1,0.28,8
54846,0.104,0.291,0.047,1.665,0.165,2
82953,0.347,0.614,0.075,3.863,0.465,5
78750,0.158,0.282,0.053,1.215,0.311,9
45388,0.308,0.588,0.061,8.633,0.575,6
33674,0.344,0.415,0.07,1.165,0.313,7
67558,0.277,0.353,0.072,3.029,0.417,2
50202,0.208,0.277,0.063,2.024,0.389,3
47588,0.284,0.225,0.071,0.467,0.104,5
77919,0.184,0.192,0.063,0.931,0.253,1
32910,0.053,0.086,0.034,1.278,0.403,10
54593,0.075,0.161,0.046,0.65,0.128,2
84647,0.137,-0.035,0.04,0.594,0.21,10
67046,0.021,0.393,0.039,3.448,0.72,10
78872,-0.125,-0.773,-0.001,0.101,0.079,5
35163,0.044,0.115,0.041,0.951,0.252,6
74370,0.352,0.64,0.078,4.142,0.632,8
76375,0.224,0.319,0.049,2.895,0.362,5
63584,0.39,0.524,0.075,2.067,0.249,3
45070,0.029,0.223,0.042,2.177,0.43,4
74875,0.217,0.372,0.059,2.369,0.35,10
36311,0.151,0.297,0.056,1.736,0.281,3
51380,0.024,0.218,0.046,1.752,0.293,2
82464,0.162,0.254,0.065,1.502,0.318,9
54146,0.617,0.967,0.139,11.712,0.778,11
60499,0.008,-0.048,0.033,0.194,0.096,1
64311,0.224,0.498,0.066,3.733,0.355,2
51514,0.22,0.293,0.063,1.109,0.176,8
80212,0.137,0.2,0.063,0.869,0.22,12
75372,0.229,0.243,0.06,1.863,0.238,5
79410,0.31,0.522,0.074,6.052,0.47,7
51150,0.263,0.157,0.072,0.555,0.14,7
83715,0.319,0.716,0.067,10.882,0.794,2
75444,-0.024,0.058,0.035,1.022,0.291,9
68816,0.468,0.31,0.101,0.335,0.077,10
64863,0.025,0.049,0.044,0.435,0.169,2
44118,-0.096,-1.069,0.014,0.057,0.074,1
33744,-0.013,0.011,0.03,1.221,0.292,2
76377,0.027,0.006,0.034,0.647,0.269,1
72561,0.424,0.462,0.088,2.771,0.424,10
61732,0.275,0.468,0.062,5.942,0.622,4
53279,0.067,0.202,0.046,1.206,0.27,10
61270,0.269,0.371,0.078,1.186,0.164,10
56278,0.095,0.226,0.053,0.856,0.184,3
37795,0.169,0.315,0.056,2.234,0.278,1
42312,0.106,0.302,0.051,1.635,0.29,12
67684,0.141,0.239,0.053,1.031,0.299,3
57752,0.281,0.363,0.072,0.939,0.132,1
81551,0.203,0.344,0.061,1.154,0.235,4
59381,0.157,0.217,0.051,1.168,0.261,4
74702,0.193,0.422,0.066,1.3,0.218,6
63905,-0.053,-0.588,0.021,0.102,0.084,5
79631,-0.143,-0.506,-0.005,0.246,0.11,6
44872,0.424,0.784,0.088,16.404,1.106,8
68584,-0.06,-0.294,-0.002,0.852,0.179,3
84629,0.362,0.4,0.086,2.176,0.329,1
70484,0.007,0.203,0.04,1.346,0.335,10
84922,0.089,0.205,0.029,3.247,0.489,6
51738,0.068,0.146,0.041,0.625,0.158,11
76059,-0.009,0.079,0.029,0.726,0.247,11
64735,0.32,0.449,0.075,3.407,0.33,10
41508,0.124,0.211,0.047,1.022,0.279,6
60944,-0.043,0.111,0.02,1.5,0.255,8
54407,-0.101,-0.247,0.002,0.372,0.161,8
83561,0.025,0.137,0.034,1.732,0.321,7
70768,0.048,0.19,0.038,1.317,0.293,8
37680,-0.034,0.09,0.024,0.763,0.245,3
54680,0.048,-0.104,0.034,0.168,0.072,7
72194,0.152,0.249,0.057,1.202,0.206,12
42783,0.055,0.204,0.04,2.743,0.393,4
74710,0.386,0.543,0.09,1.347,0.183,5
35920,0.748,0.971,0.176,3.22,0.139,10
53370,0.579,0.659,0.12,2.84,0.464,8
53526,0.262,0.558,0.067,5.443,0.584,7
80122,0.306,0.216,0.067,0.42,0.082,2
47772,0.103,0.319,0.049,2.629,0.46,7
74099,-0.029,0.026,0.03,0.537,0.171,6
77398,0.273,0.464,0.074,2.659,0.269,1
63942,0.093,0.112,0.054,0.917,0.201,5
51904,0.06,0.183,0.04,1.21,0.346,3
68414,0.22,0.251,0.056,0.676,0.188,10
51267,0.083,0.204,0.048,1.155,0.238,10
54501,0.122,0.099,0.057,0.251,0.086,10
47889,0.022,0.135,0.03,4.275,1.23,10
60984,0.106,0.242,0.045,0.865,0.188,2
39060,0.314,0.289,0.069,0.867,0.177,8
68616,0.192,0.285,0.058,1.624,0.362,3
69427,0.102,0.18,0.048,1.357,0.274,8
34290,0.356,0.358,0.084,1.539,0.262,11
48962,0.497,0.675,0.105,2.944,0.327,3
64567,0.216,0.342,0.056,1.035,0.182,5
35814,0.367,0.289,0.089,1.023,0.206,2
63915,0.242,0.383,0.065,2.715,0.431,9
77964,0.039,0.137,0.042,0.891,0.21,6
37147,0.098,0.157,0.046,0.867,0.145,1
75308,0.258,0.272,0.064,1.147,0.19,3
70624,0.059,-0.001,0.047,0.356,0.125,4
66142,0.153,0.441,0.053,3.84,0.489,1
60459,0.229,0.224,0.064,0.646,0.181,11
55945,0.049,0.137,0.045,1.072,0.242,5
62960,0.1,0.235,0.05,1.393,0.301,6
49416,0.195,0.377,0.054,2.838,0.38,1
34964,0.053,0.337,0.042,1.622,0.187,1
32901,0.067,0.103,0.047,0.52,0.167,3
47435,0.205,0.276,0.063,1.012,0.159,8
66814,0.302,0.411,0.054,1.446,0.216,6
42359,0.104,0.22,0.05,1.776,0.316,6
51633,0.336,0.534,0.073,1.933,0.31,9
56698,0.01,0.129,0.038,1.027,0.182,6
72738,-0.029,0.143,0.028,1.585,0.291,5
62088,0.374,0.62,0.083,8.289,0.548,1
82400,0.149,0.19,0.051,0.597,0.195,11
85028,0.087,0.219,0.043,1.332,0.209,10
81886,0.216,0.468,0.057,4.229,0.35,2
62918,0.041,0.08,0.039,0.603,0.169,2
65247,0.012,0.224,0.032,2.5,0.285,10
77539,0.092,0.393,0.05,2.824,0.383,2
42121,0.538,0.83,0.118,5.898,0.549,4
68002,-0.008,0.139,0.028,1.051,0.236,10
76522,0.485,0.664,0.106,2.793,0.394,8
44167,0.218,0.276,0.068,1.741,0.283,2
84078,0.647,0.88,0.149,4.504,0.389,9
49885,0.098,0.354,0.057,4.004,0.659,8
43827,0.06,0.125,0.042,0.556,0.197,4
46374,0.537,0.936,0.127,5.109,0.519,7
77426,-0.026,-0.522,0.032,0.1,0.08,11
41327,0.31,0.305,0.085,0.869,0.279,2
81810,0.195,0.431,0.063,2.912,0.404,12
50893,0.243,0.105,0.043,0.11,0.06,11
55704,0.158,0.24,0.054,1.335,0.251,8
59039,0.08,0.275,0.048,1.653,0.259,10
69504,0.318,0.651,0.069,13.288,1.092,4
32657,0.132,0.271,0.052,1.509,0.284,3
35984,0.272,0.505,0.067,4.357,0.493,1
38923,0.45,0.892,0.1,22.868,1.055,12
40550,0.075,0.199,0.043,0.48,0.12,9
81244,0.099,0.402,0.043,5.503,0.649,1
77315,0.271,0.341,0.065,0.947,0.178,9
39240,0.406,0.71,0.089,6.748,0.841,11
84585,0.221,0.151,0.051,1.07,0.31,3
78151,0.114,0.275,0.052,2.514,0.525,10
49552,0.085,0.161,0.046,0.62,0.221,3
35868,0.368,0.636,0.083,2.835,0.45,9
75770,0.021,-0.142,0.044,0.251,0.09,3
36499,0.08,0.124,0.051,0.917,0.175,11
51701,0.282,0.417,0.073,1.697,0.241,12
50056,0.116,0.215,0.045,1.053,0.263,3
57083,0.366,0.481,0.085,1.819,0.281,10
44919,0.167,0.253,0.055,1.232,0.207,2
77595,0.2,0.158,0.062,1.187,0.27,3
76545,0.221,0.461,0.069,3.674,0.539,8
71463,0.36,0.513,0.08,2.768,0.462,1
47679,0.03,0.12,0.038,0.911,0.401,10
56755,0.128,0.213,0.056,0.728,0.152,9
48508,0.212,0.644,0.074,7.38,0.549,9
43553,0.182,0.202,0.063,0.356,0.131,9
59448,0.469,0.858,0.083,14.845,1.055,10
64036,0.402,0.472,0.08,1.468,0.294,1
42342,-0.045,-0.013,0.025,0.408,0.072,9
52193,0.414,0.63,0.091,3.111,0.239,7
40698,0.315,0.51,0.072,3.305,0.393,1
40059,-0.05,0.047,0.017,0.537,0.13,3
83095,0.067,0.179,0.043,0.671,0.297,1
62278,0.42,0.436,0.084,1.214,0.457,7
63950,-0.019,-0.086,0.023,0.344,0.174,6
70757,0.036,-0.048,0.034,0.366,0.142,3
44110,0.13,0.11,0.052,0.548,0.147,10
78220,0.279,0.268,0.065,1.498,0.389,2
71395,0.206,0.28,0.07,1.274,0.312,2
69895,0.167,0.169,0.055,0.678,0.164,11
78727,0.015,0.065,0.025,0.543,0.206,9
43913,0.341,0.345,0.087,0.44,0.151,9
82657,0.4,0.339,0.095,0.626,0.108,3
57389,0.258,0.508,0.071,5.396,0.821,11
60014,0.063,0.044,0.042,0.309,0.128,7
41980,0.006,0.16,0.034,2.329,0.362,11
70140,0.541,0.692,0.121,4.592,0.416,2
78877,-0.371,-1.875,-0.034,0.055,0.067,9
74670,0.13,0.325,0.055,4.971,0.769,7
53682,0.205,0.288,0.054,2.871,0.545,8
78958,0.003,0.021,0.03,0.457,0.135,1
70110,0.168,0.313,0.061,1.335,0.251,11
34507,0.012,0.099,0.034,1.011,0.362,11
56818,0.124,0.492,0.063,12.65,1.065,12
76225,0.132,0.201,0.049,0.918,0.274,8
75740,0.103,0.374,0.058,2.434,0.368,4
37366,0.282,0.413,0.069,1.264,0.262,1
33114,0.112,0.272,0.052,1.155,0.272,7
40331,0.218,0.364,0.059,1.091,0.49,7
37387,0.214,0.205,0.05,1.242,0.209,12
80041,0.14,0.376,0.05,3.124,0.427,9
68589,0.069,0.091,0.036,0.603,0.198,3
61072,0.222,0.349,0.071,0.847,0.131,1
41809,0.12,0.114,0.046,1.068,0.289,2
77724,0.056,0.104,0.045,0.784,0.201,7
51982,0.145,0.211,0.056,1.216,0.299,2
50233,0.068,0.186,0.046,0.839,0.212,1
47201,0.145,0.24,0.047,1.384,0.423,2
45973,0.15,0.121,0.059,0.522,0.124,2
77200,0.071,0.263,0.046,1.492,0.367,11
37794,0.226,0.115,0.065,0.234,0.106,11
33921,-0.031,-0.038,0.018,0.841,0.226,10
48102,-0.013,0.169,0.01,1.399,0.457,12
66873,0.005,-0.132,0.031,0.33,0.141,8
58748,0.098,0.272,0.06,0.578,0.122,1
82102,0.199,0.168,0.06,0.638,0.173,10
39805,0.169,0.185,0.059,0.661,0.168,3
33773,0.439,0.392,0.089,0.686,0.19,4
39236,0.116,0.219,0.057,0.686,0.169,6
35222,0.073,0.072,0.043,0.497,0.236,1
81812,-0.089,0.025,0.011,1.532,0.232,6
75090,0.359,0.141,0.075,0.722,0.168,9
63652,0.128,0.188,0.06,0.988,0.217,5
76586,0.123,0.202,0.052,0.681,0.193,8
52273,0.117,0.143,0.048,0.475,0.178,7
45436,0.032,0.229,0.041,1.068,0.303,2
46280,0.032,0.108,0.037,1.218,0.271,8
35530,0.168,0.279,0.051,1.649,0.257,12
61086,0.333,0.395,0.077,0.836,0.189,11
58139,0.239,0.338,0.064,1.954,0.303,12
66198,0.294,0.601,0.073,4.784,0.577,8
69433,0.003,0.361,0.04,6.152,0.782,4
84847,0.244,0.336,0.068,1.488,0.261,8
43762,-0.502,-1.888,-0.024,0.073,0.072,1
59520,0.219,0.291,0.052,2.041,0.253,6
48129,-0.011,0.062,0.032,0.718,0.259,12
78192,0.047,0.125,0.034,0.916,0.253,12
37482,-0.048,-0.133,0.029,0.191,0.112,9
48703,0.051,0.258,0.041,1.506,0.316,7
37345,0.07,0.226,0.046,1.948,0.233,2
65240,0.065,0.105,0.046,0.609,0.179,2
52414,0.258,0.386,0.064,2.464,0.244,8
44169,0.381,0.209,0.073,0.59,0.12,6
74634,0.123,0.12,0.059,0.416,0.128,4
49532,0.058,0.35,0.05,3.226,0.461,5
84273,0.119,0.217,0.052,1.54,0.229,3
44085,0.359,0.618,0.081,3.646,0.384,4
55258,0.038,0.158,0.044,0.887,0.261,8
82210,0.175,0.269,0.054,1.364,0.358,8
46778,0.284,0.242,0.064,1.458,0.232,5
64747,0.144,0.25,0.052,1.558,0.303,4
36338,-0.003,0.246,0.032,3.51,0.592,11
56747,-0.004,-0.133,0.028,0.569,0.177,11
56473,-0.007,0.115,0.033,1.326,0.387,5
67451,0.18,0.292,0.051,2.338,0.375,11
84528,0.041,-0.01,0.038,0.5,0.167,11
60330,0.227,0.374,0.062,2.308,0.335,7
40180,0.182,0.39,0.058,2.506,0.396,1
81210,0.446,0.569,0.113,1.886,0.267,2
36801,0.199,0.077,0.05,0.271,0.086,8
36378,0.04,0.195,0.041,1.455,0.315,6
68878,0.102,0.347,0.041,4.129,0.739,8
57309,0.163,0.208,0.054,0.852,0.149,1
75160,0.208,0.501,0.058,3.619,0.504,7
51460,0.035,0.014,0.049,0.158,0.075,1
52118,0.127,0.087,0.056,0.34,0.118,9
44772,0.108,0.276,0.049,2.495,0.466,5
50610,0.477,0.563,0.109,1.332,0.25,10
61152,0.247,0.5,0.062,4.849,0.479,3
77233,-0.018,0.062,0.032,0.593,0.13,5
48430,0.123,0.19,0.052,0.714,0.177,9
65172,0.188,0.191,0.079,0.188,0.075,9
52242,0.207,0.349,0.062,1.807,0.268,10
51503,0.166,0.295,0.046,2.181,0.335,12
48172,0.012,0.102,0.031,1.051,0.295,6
40525,-0.002,0.042,0.029,0.574,0.204,7
45298,0.118,0.233,0.055,1.414,0.222,11
54056,0.068,0.211,0.045,1.305,0.335,3
41566,0.36,0.592,0.087,5.125,0.385,8
73786,0.365,0.394,0.076,1.563,0.121,12
75432,0.335,0.598,0.079,2.51,0.35,8
59501,0.16,0.237,0.05,2.619,0.315,2
40096,0.49,0.765,0.112,10.24,0.709,2
49039,0.237,0.355,0.059,2.817,0.444,9
77057,0.373,0.697,0.075,5.571,0.537,9
34033,0.066,0.14,0.044,0.806,0.254,4
80393,0.059,0.081,0.05,0.505,0.191,1
55461,-0.04,0.042,0.027,1.141,0.319,3
40700,-0.146,-1.702,-0.009,0.061,0.082,4
76362,0.201,0.11,0.052,0.811,0.258,8
45334,0.282,0.432,0.073,3.09,0.374,4
56492,0.226,0.344,0.071,1.645,0.325,12
45444,0.395,0.452,0.081,2.616,0.345,10
47488,0.336,0.402,0.074,1.292,0.251,12
35662,0.144,0.306,0.054,1.689,0.346,4
73487,0.103,0.133,0.055,0.465,0.118,10
58156,0.203,0.387,0.048,2.397,0.589,5
79609,0.081,0.202,0.051,1.44,0.334,3
47032,0.214,0.423,0.061,3.906,0.482,2
77523,0.456,0.744,0.085,7.663,0.79,8
75100,0.243,0.284,0.06,0.907,0.296,8
65965,-0.064,0.254,0.015,11.886,1.232,1
50384,0.013,-0.053,0.034,0.28,0.131,5
65357,0.019,0.237,0.036,2.11,0.317,9
52109,0.192,0.358,0.063,2.014,0.44,12
38541,0.268,0.462,0.066,3.823,0.473,2
47726,0.078,0.015,0.048,0.455,0.287,10
70581,0.211,0.31,0.06,0.823,0.145,12
54049,0.116,0.21,0.053,1.903,0.365,3
52155,0.342,0.616,0.072,10.781,0.532,11
65014,0.315,0.469,0.086,2.379,0.213,8
35170,0.174,0.16,0.059,0.285,0.1,11
84876,0.421,0.792,0.12,4.325,0.247,2
43669,0.005,0.128,0.034,0.642,0.155,6
75423,0.071,0.296,0.045,2.483,0.333,12
51305,0.258,0.404,0.067,3.092,0.353,1
65105,-0.044,-0.111,0.033,0.294,0.104,12
69962,0.04,0.18,0.039,1.501,0.292,5
63758,0.021,-0.053,0.031,0.342,0.139,12
71308,0.262,0.422,0.068,2.242,0.417,5
48480,0.135,0.135,0.053,0.685,0.18,6
73846,0.304,0.248,0.075,0.223,0.175,7
63154,0.403,0.303,0.084,2.045,0.454,7
64967,0.294,0.517,0.089,2.868,0.415,2
83700,-0.05,-0.462,0.012,0.11,0.08,5
59271,0.231,0.72,0.067,11.202,1.074,9
64010,0.123,0.243,0.05,1.298,0.315,9
61109,-0.019,0.123,0.032,1.214,0.256,8
39779,0.47,0.753,0.09,13.462,1.085,4
33626,0.202,0.22,0.068,0.696,0.182,9
71057,0.004,-0.272,0.035,0.215,0.138,1
48886,-0.004,0.015,0.037,0.748,0.273,5
37212,-2.222,-2.716,-0.396,0.132,0.089,5
50537,0.159,0.269,0.059,1.519,0.44,9
58085,0.372,0.567,0.077,3.326,0.416,12
73367,0.032,0.388,0.043,5.478,0.841,7
32666,0.089,0.082,0.038,0.487,0.213,12
66129,0.064,-0.044,0.049,0.233,0.097,1
43749,0.529,0.793,0.109,13.116,0.871,9
73375,0.218,0.234,0.066,0.715,0.263,2
43890,0.18,0.351,0.06,3.229,0.49,7
55527,0.492,0.404,0.084,0.902,0.127,6
69604,0.414,0.597,0.077,3.577,0.499,6
53890,0.382,0.432,0.086,1.117,0.215,3
55416,0.036,0.2,0.046,2.105,0.384,1
67489,0.306,0.559,0.08,2.285,0.325,12
66346,-0.142,-0.769,0.002,0.116,0.098,12
42445,0.382,0.593,0.08,5.021,0.548,11
42716,0.1,0.232,0.049,1.789,0.425,2
62887,0.281,0.25,0.08,0.559,0.128,6
75993,0.14,0.46,0.052,4.296,0.472,8
77896,0.197,0.28,0.062,1.454,0.298,3
75548,0.123,0.116,0.046,1.335,0.26,1
37528,-0.054,-0.121,0.025,0.389,0.18,6
84510,-0.005,-0.035,0.032,0.567,0.143,10
62461,-0.022,0.061,0.029,1.325,0.215,7
61864,0.124,0.252,0.052,1.667,0.367,11
76867,-0.131,-1.782,0.007,0.06,0.07,5
50438,0.062,0.304,0.041,2.086,0.402,7
74798,0.522,0.493,0.123,1.198,0.132,12
34336,0.224,0.47,0.067,5.598,0.777,1
36891,0.097,0.356,0.051,2.648,0.543,8
72729,0.452,0.526,0.093,1.641,0.268,8
83947,0.256,0.428,0.065,2.228,0.43,11
63382,0.301,0.451,0.078,2.517,0.416,1
57147,-0.08,-0.153,0.023,0.346,0.125,1
83277,-0.044,0.124,0.032,3.619,0.634,7
52993,0.141,0.178,0.047,0.969,0.311,4
66349,0.057,0.066,0.028,0.33,0.072,1
49212,0.146,0.383,0.058,2.293,0.382,1
39862,0.129,0.168,0.054,0.445,0.109,9
72625,0.103,-0.037,0.048,0.696,0.192,12
60446,0.189,0.37,0.062,2.983,0.373,12
66781,0.113,0.297,0.047,1.964,0.274,6
68352,0.214,0.284,0.052,1.466,0.253,3
57329,-0.209,-1.324,-0.018,0.139,0.105,8
59184,0.197,0.082,0.062,0.186,0.124,10
82534,0.037,-0.028,0.035,0.396,0.117,4
71623,0.262,0.465,0.071,3.161,0.451,3
40430,0.229,0.353,0.057,2.279,0.321,2
71385,0.298,0.539,0.071,5.853,0.507,12
83244,0.023,0.089,0.031,0.586,0.152,4
42616,0.009,0.432,0.047,6.415,0.611,2
45373,0.222,0.434,0.067,2.408,0.526,11
82609,0.441,0.614,0.086,2.929,0.378,6
77377,0.035,0.197,0.035,2.025,0.298,8
61322,0.112,0.165,0.046,0.898,0.2,3
52281,0.136,0.096,0.054,0.322,0.111,8
37026,0.405,0.79,0.085,11.874,0.79,2
68105,0.557,0.783,0.114,7.22,0.545,10
57819,0.168,0.359,0.065,2.665,0.357,12
41753,0.251,0.398,0.059,2.253,0.418,4
65187,0.158,0.245,0.048,2.794,0.312,8
51025,-0.12,-0.153,0.007,0.599,0.199,2
45115,-0,-0.043,0.026,0.385,0.2,1
70656,-0.02,-0.023,0.033,0.657,0.163,5
68808,0.093,0.016,0.046,0.3,0.108,11
50279,0.198,0.106,0.068,0.266,0.101,11
72196,0.051,0.095,0.045,0.716,0.174,7
79997,0.06,0.31,0.045,2.936,0.448,11
53053,0.223,0.402,0.059,2.485,0.446,11
46400,0.265,0.272,0.071,0.745,0.155,12
72431,0.108,0.198,0.051,0.903,0.174,1
72970,-0.054,-0.249,0.019,0.255,0.104,3
82343,0.045,0.097,0.036,0.497,0.169,1
38240,0.158,0.027,0.059,0.16,0.097,5
76085,0.016,0.036,0.025,0.842,0.267,2
39505,0.045,-0.014,0.044,0.636,0.181,6
79772,0.477,0.581,0.107,2.507,0.177,10
57169,-0.009,0.008,0.034,0.85,0.262,10
65118,0.443,0.253,0.103,0.366,0.099,3
83077,0.122,0.129,0.044,0.367,0.13,1
33431,0.16,0.182,0.046,0.551,0.144,10
65446,0.587,1.062,0.115,23.605,1.323,5
59292,0.26,0.419,0.057,5.16,0.805,8
81921,0.081,0.302,0.047,2.159,0.462,8
56346,-0.166,-0.73,-0.043,0.254,0.15,4
59582,0.02,0.219,0.031,1.49,0.223,3
50742,0.374,0.43,0.084,1.664,0.298,3
61482,0.046,0.095,0.04,0.461,0.117,11
40823,0.434,0.465,0.079,2.171,0.351,7
56019,0.052,0.295,0.052,4.218,0.376,4
34761,0.181,0.158,0.062,0.647,0.193,10
56498,0.25,0.411,0.065,1.62,0.315,5
45000,0.271,0.425,0.068,3.311,0.335,5
80031,0.143,0.269,0.06,1.113,0.245,11
65963,0.045,-0.006,0.042,0.337,0.12,11
78454,0.126,0.246,0.052,1.512,0.189,1
70094,0.038,0.203,0.037,2.23,0.975,9
74708,0.064,0.076,0.044,0.542,0.12,3
67571,0.563,0.744,0.116,4.638,0.41,11
55792,0.302,0.398,0.08,0.833,0.248,4
56779,0.461,0.682,0.085,4.757,0.723,7
45981,0.076,0.164,0.045,0.539,0.156,11
55729,0.28,0.456,0.064,4.179,0.388,6
64233,0.296,0.255,0.069,0.67,0.129,4
72520,-0.008,-0.073,0.03,0.358,0.103,10
65696,0.28,0.514,0.061,3.436,0.49,1
47048,0.078,0.18,0.04,2.055,0.333,12
48461,0.263,0.297,0.068,0.883,0.18,7
37541,-0.037,0.214,0.03,3.039,0.619,11
68457,-0.038,0.102,0.024,1.456,0.347,3
39547,0.157,0.13,0.05,0.474,0.182,3
61364,0.014,0.055,0.037,0.691,0.247,9
66719,0.517,0.919,0.098,13.135,1.029,1
54328,0.145,0.376,0.058,2.586,0.3,5
47348,-0.012,0.196,0.029,2.057,0.374,1
57656,0.141,0.347,0.057,2.536,0.388,9
82742,0.218,0.413,0.05,1.243,0.282,2
53391,0.348,0.274,0.088,0.612,0.161,1
51331,0.369,0.259,0.086,0.686,0.161,6
73203,0.08,0.267,0.044,1.347,0.388,12
66101,-0.057,0.154,0.016,2.755,0.503,8
82571,0.208,0.372,0.057,4.549,0.364,3
60741,0.255,0.287,0.06,1.662,0.24,2
72786,0.042,0.1,0.041,0.733,0.221,10
60924,0.044,0.132,0.056,1.517,0.585,7
41399,-0.184,-0.617,-0.013,0.226,0.101,7
76500,0.33,0.486,0.074,3.107,0.47,1
44814,0.32,0.36,0.064,1.733,0.267,5
43180,0.479,0.688,0.097,5.229,0.594,5
76828,0.173,0.391,0.062,2.675,0.424,6
58224,0.681,1.011,0.128,15.628,0.901,11
60066,0.148,0.274,0.051,1.295,0.336,12
84217,0.123,0.211,0.052,1.036,0.305,1
49508,0.217,0.182,0.069,0.278,0.116,9
73419,0.35,0.335,0.074,0.989,0.236,5
56109,0.316,0.317,0.063,1.327,0.313,11
55640,0.47,0.639,0.088,4.585,0.468,4
63237,-0.035,-0.21,0.03,0.206,0.1,12
40227,0.254,0.351,0.077,1.992,0.194,11
76335,0.184,0.228,0.059,0.6,0.16,4
54736,0.027,-0.331,0.047,0.25,0.125,9
46476,0.267,0.428,0.072,1.542,0.253,3
76211,0.082,0.194,0.049,1.792,0.206,10
61941,0.02,0.106,0.031,1.249,0.205,1
50207,0.276,0.436,0.065,4.244,0.465,7
51871,0.048,0.063,0.05,0.326,0.085,2
84867,0.162,0.229,0.047,2.391,0.255,5
78914,0.014,0.043,0.041,0.551,0.221,11
73000,0.028,0.113,0.037,0.789,0.134,6
46121,0.496,0.691,0.104,3.152,0.406,2
49408,0.33,0.554,0.077,4.52,0.725,4
55652,0.066,0.161,0.045,0.909,0.235,3
37050,-0.044,0.102,0.02,2.387,0.294,5
69126,0.138,0.294,0.051,2.342,0.438,10
71445,0.258,0.404,0.063,2.434,0.363,8
35552,0.118,0.003,0.04,0.338,0.126,9
48836,0.119,0.281,0.062,1.042,0.227,2
69410,0.09,0.371,0.045,4.609,0.613,2
58408,-0.098,0.037,-0.011,4.846,0.808,9
46300,0.021,0.208,0.038,1.94,0.336,12
50944,0.084,-0.029,0.037,0.311,0.164,12
46877,-0.062,-0.055,0.02,0.566,0.237,8
44720,-0.008,0.062,0.036,0.548,0.188,9
76600,-0.084,-0.081,0.021,0.751,0.234,7
76714,-0.088,-0.18,0.002,0.578,0.229,8
59549,0.439,0.681,0.1,5.327,0.54,3
47997,0.243,0.498,0.063,5.527,0.695,5
41082,0.151,0.442,0.057,2.854,0.423,7
79315,-0.001,0.152,0.036,1.578,0.297,11
32644,0.236,0.216,0.061,0.734,0.191,4
47064,0.106,0.258,0.054,1.584,0.298,8
83824,0.28,0.297,0.071,0.652,0.175,12
81196,0.493,0.858,0.095,5.096,0.432,10
61661,-0.013,-0.013,0.03,0.466,0.241,3
35404,0.146,0.289,0.058,1.184,0.243,6
55599,0.483,0.737,0.092,3.774,0.439,3
68415,-0.113,-0.212,-0.01,0.801,0.308,10
63895,0.12,0.396,0.049,3.777,0.357,5
83549,0.016,0.005,0.035,0.326,0.099,3
84813,-0.327,-1.833,-0.074,0.212,0.247,7
44105,0.275,0.42,0.056,1.785,0.31,11
56364,0.47,0.718,0.103,3.772,0.458,12
76418,0.067,0.032,0.042,0.424,0.139,11
49342,0.544,0.935,0.136,14.305,0.791,7
75127,0.098,0.328,0.049,1.159,0.265,1
44463,0.044,0.126,0.044,0.673,0.231,5
45194,0.121,0.095,0.059,0.279,0.11,12
43076,0.087,0.556,0.059,13.005,1.11,5
64401,-0.159,-0.44,-0.009,0.73,0.319,6
59284,0.092,0.323,0.057,1.435,0.274,11
47671,0.149,0.233,0.051,0.903,0.313,12
67946,0.226,0.432,0.057,2.174,0.389,8
43843,0.397,0.524,0.087,1.877,0.46,10
38262,-0.102,-1.5,0.014,0.056,0.072,2
81594,0.031,-0.054,0.03,0.951,0.29,1
75206,0.724,1.01,0.167,5.845,0.176,9
78758,0.062,0.043,0.041,0.634,0.153,11
67439,0.11,0.187,0.049,0.407,0.14,7
36461,0.138,0.309,0.06,2.301,0.417,7
39783,0.06,0.163,0.041,0.937,0.312,5
70394,0.075,0.3,0.046,3.767,0.362,9
63946,0.048,0.175,0.047,1.453,0.258,5
69408,0.248,0.334,0.061,0.861,0.203,3
68571,0.309,0.555,0.075,4.572,0.52,12
51282,-0.037,-0.087,0.021,0.413,0.161,1
76006,0.135,0.416,0.045,4.384,0.659,2
56864,0.228,0.583,0.07,3.681,0.501,2
76461,0.1,0.259,0.05,0.645,0.253,1
72011,0.349,0.567,0.08,7.008,1.043,1
47813,-0.089,-0.7,0.02,0.107,0.095,8
54564,0.053,0.092,0.048,0.56,0.146,9
45877,-0.079,-0.542,0.011,0.124,0.075,2
61323,0.022,0.094,0.038,0.856,0.177,5
74843,0.242,0.452,0.061,3.762,0.496,2
78227,0.197,0.122,0.069,0.2,0.123,9
46556,0.112,0.55,0.046,5.322,0.457,5
43429,0.053,0.213,0.041,2.172,0.359,2
67524,0.389,0.367,0.085,0.866,0.24,2
55015,0.124,0.273,0.053,1.803,0.374,5
42125,0.313,0.523,0.061,13.101,1.173,5
37745,0.345,0.348,0.065,1.264,0.24,5
74372,0.208,0.198,0.057,0.938,0.201,10
46551,0.263,0.351,0.073,1.26,0.228,4
61002,-0.029,0.011,0.027,0.547,0.131,2
56106,0.315,0.343,0.067,2.763,0.46,2
81968,-0.039,-0.022,0.029,0.611,0.158,2
82424,0.221,0.249,0.062,0.876,0.133,1
59612,0.255,0.658,0.063,11.374,0.668,7
64310,0.37,0.341,0.085,0.785,0.121,8
33121,-0.181,-1.732,-0.01,0.05,0.062,4
68104,0.47,0.66,0.1,3.787,0.572,8
51810,0.111,0.237,0.047,1.124,0.242,8
53569,0.192,0.192,0.067,0.651,0.109,12
61211,0.329,0.65,0.075,4.418,0.603,8
56237,0.142,0.346,0.052,3.236,0.505,6
34174,0.142,0.21,0.056,1.361,0.292,12
52824,0.453,0.697,0.09,5.172,0.555,5
61601,0.209,0.445,0.065,2.792,0.282,2
73454,-0.014,0.048,0.027,0.888,0.271,10
72971,-0.028,0.036,0.027,0.536,0.226,10
48304,-0.08,-0.215,0.015,0.444,0.191,2
72592,0.013,0.193,0.036,1.467,0.394,10
73300,0.009,0.047,0.033,0.414,0.125,1
44209,0.212,0.291,0.059,1.026,0.27,11
61920,0.419,0.548,0.073,3.7,0.352,6
44013,-0.029,-0.604,0.023,0.066,0.069,5
55074,0.298,0.425,0.072,2.667,0.314,1
71430,0.019,-0.017,0.033,0.437,0.131,1
48237,-0.092,0.028,0.017,2.268,0.435,9
42726,0.301,0.199,0.072,0.55,0.179,10
63818,0.168,0.432,0.055,1.788,0.314,8
32887,0.025,0.151,0.047,0.702,0.211,6
82990,0.267,0.118,0.087,0.236,0.076,10
43209,0.182,0.322,0.055,1.223,0.246,6
57374,0.098,0.157,0.049,1.133,0.199,2
59283,0.085,0.31,0.037,1.523,0.187,9
75216,0.052,0.176,0.045,0.662,0.182,5
67498,0.116,0.408,0.052,4.972,0.715,8
71066,0.194,0.378,0.062,2.254,0.529,5
84837,0.129,0.236,0.048,2.42,0.422,10
33934,0.559,0.91,0.119,13.232,0.685,2
67800,-0.008,-0.146,0.037,0.265,0.145,10
60142,0.355,0.522,0.078,2.382,0.353,8
77778,0.102,0.301,0.046,1.849,0.367,12
51391,0.066,0.294,0.04,5.449,0.712,12
76613,0.177,0.137,0.085,0.202,0.079,9
76357,0.08,0.19,0.047,0.924,0.158,5
79423,0.169,0.315,0.062,1.425,0.279,7
60205,0.083,0.196,0.045,1.598,0.418,7
57432,0.096,0.258,0.052,1.442,0.223,9
76786,-0.115,-0.23,0.007,0.607,0.222,11
58999,-0.056,-0.105,0.025,0.521,0.183,10
42624,0.066,0.108,0.029,1.103,0.367,12
73554,0.125,0.265,0.058,1.076,0.289,2
68927,0.038,0.445,0.034,5.084,0.676,6
57642,-0.012,0.094,0.028,0.484,0.139,5
59834,0.321,0.42,0.074,1.667,0.413,7
74989,0.72,1.128,0.154,22.546,1.169,9
47177,0.252,0.311,0.068,0.814,0.153,1
37629,0.244,0.352,0.064,1.5,0.287,3
49618,-0.001,-0.204,0.038,0.188,0.09,2
82470,-0.016,0.113,0.027,1.129,0.342,2
49776,0.223,0.399,0.059,2.723,0.432,6
84862,0.345,0.5,0.078,3.526,0.568,7
50494,-0.005,0.137,0.033,1.48,0.28,9
70986,0.057,0.104,0.04,0.817,0.196,9
81505,-0.13,-1.163,-0.016,0.129,0.16,1
45195,0.294,0.414,0.069,1.858,0.342,10
76886,0.304,0.479,0.062,2.248,0.39,8
37630,-0.037,-0.04,0.029,0.732,0.202,7
34846,0.037,-0.062,0.043,0.255,0.122,7
65095,0.426,0.632,0.085,3.281,0.331,12
59334,0.136,0.187,0.054,0.775,0.145,4
50701,0.353,0.533,0.069,3.356,0.321,5
50529,0.198,0.246,0.06,0.559,0.141,12
57475,0.35,0.365,0.086,1.111,0.249,5
65233,0.18,0.392,0.062,2.229,0.533,3
64790,-0.007,-0.252,0.025,0.384,0.104,11
40527,0.177,0.313,0.061,2.281,0.32,10
44261,0.023,0.071,0.041,0.405,0.106,8
57196,0.091,0.126,0.044,0.495,0.176,5
58206,0.425,0.366,0.082,1.382,0.323,11
79052,0.33,0.374,0.076,1.324,0.213,9
72911,-0.002,-0.009,0.032,0.451,0.145,6
76842,0.019,-0.073,0.037,0.358,0.111,6
65810,0.307,0.206,0.076,0.663,0.133,1
51526,0.383,0.275,0.084,0.347,0.146,5
59542,0.087,0.199,0.053,1.035,0.253,4
71101,0.234,0.378,0.069,1.988,0.333,10
61493,0.028,0.139,0.034,1.001,0.202,9
80519,0.033,0.145,0.04,0.728,0.21,9
57371,0.052,0.171,0.044,1.289,0.402,12
46526,0.462,0.661,0.091,3.455,0.333,8
54584,0.251,0.349,0.06,2.227,0.326,9
63521,0.087,0.045,0.035,0.427,0.117,4
55618,0.281,0.524,0.064,4.68,0.674,10
84553,-0.031,-0.026,0.034,0.883,0.165,5
61395,0.265,0.233,0.065,0.773,0.237,11
65175,0.076,0.27,0.049,2.177,0.368,7
68545,0.074,0.186,0.043,1.058,0.255,8
65580,0.373,0.503,0.086,4.919,0.398,2
53050,0.021,0.241,0.052,2.843,0.501,3
35488,0.046,0.223,0.041,1.741,0.354,12
47351,0.092,0.18,0.047,1.025,0.247,8
35651,-0.038,0.133,0.02,1.599,0.315,12
54115,0.273,0.337,0.071,1.037,0.193,3
50594,0.043,0.099,0.029,0.777,0.33,6
72668,0.281,0.374,0.068,1.909,0.322,12
44741,-0.02,-0.185,0.027,0.335,0.143,2
82377,0.294,0.297,0.064,0.7,0.204,2
69696,0.188,0.387,0.053,4.264,0.593,9
34782,0.102,0.209,0.047,2.096,0.395,9
52053,0.07,0.238,0.041,1.928,0.295,2
73894,0.364,0.482,0.075,3.563,0.523,8
49818,0.375,0.259,0.079,0.476,0.091,5
73260,-0.123,-0.634,0.002,0.146,0.091,1
67606,0.03,-0.018,0.042,0.268,0.11,2
39807,-0.018,0.118,0.033,0.577,0.126,1
67327,0.343,0.354,0.075,1.477,0.293,11
36482,0.409,0.669,0.08,1.429,0.391,11
